['(0.2,1'),'(0.3,1'),'(0.4,1'),'(0.5,1'),'(0.6,1'),'(0.7,1'),'(0.8,1'),'(0.9,1'),'(0.2,5'),'(0.3,5'),'(0.4,5'),'(0.5,5'),'(0.6,5'),'(0.7,5'),'(0.8,5'),'(0.9,5'),'(0.2,10'),'(0.3,10'),'(0.4,10'),'(0.5,10'),'(0.6,10'),'(0.7,10'),'(0.8,10'),'(0.9,10'),'(0.2,20'),'(0.3,20'),'(0.4,20'),'(0.5,20'),'(0.6,20'),'(0.7,20'),'(0.8,20'),'(0.9,20'),'(0.2,50'),'(0.3,50'),'(0.4,50'),'(0.5,50'),'(0.6,50'),'(0.7,50'),'(0.8,50'),'(0.9,50')],[0.475279,0.478555,0.478786,0.477413,0.478769,0.478888,0.478849,0.477016,0.43853,0.438757,0.439187,0.437005,0.438241,0.436549,0.437858,0.438352,0.425467,0.425251,0.425811,0.425326,0.426473,0.425054,0.423929,0.4252,0.417986,0.418186,0.417649,0.416572,0.418329,0.418,0.418018,0.417108,0.414676,0.41519,0.416005,0.414499,0.414937,0.415064,0.415628,0.415537]

['(0.2,1'),'(0.3,1'),'(0.4,1'),'(0.5,1'),'(0.6,1'),'(0.7,1'),'(0.8,1'),'(0.9,1'),'(0.2,5'),'(0.3,5'),'(0.4,5'),'(0.5,5'),'(0.6,5'),'(0.7,5'),'(0.8,5'),'(0.9,5'),'(0.2,10'),'(0.3,10'),'(0.4,10'),'(0.5,10'),'(0.6,10'),'(0.7,10'),'(0.8,10'),'(0.9,10'),'(0.2,20'),'(0.3,20'),'(0.4,20'),'(0.5,20'),'(0.6,20'),'(0.7,20'),'(0.8,20'),'(0.9,20'),'(0.2,50'),'(0.3,50'),'(0.4,50'),'(0.5,50'),'(0.6,50'),'(0.7,50'),'(0.8,50'),'(0.9,50')],[2.102,2.08771,2.08671,2.09281,2.08691,2.08631,2.08641,2.09461,2.27812,2.27702,2.27473,2.28611,2.27962,2.28851,2.28172,2.27902,2.34805,2.34925,2.34615,2.34885,2.34256,2.35035,2.35664,2.34955,2.39011,2.38901,2.39201,2.3982,2.38821,2.39001,2.38991,2.3951,2.40919,2.40619,2.4015,2.41019,2.40769,2.40689,2.4037,2.4042]
====================================
[0.2,0.3,0.4,0.5,0.6,0.7,0.8,0.9],[1.4555,1.4765,1.4615,1.4475,1.483,1.513,1.501,1.1435,1.142,1.1432,1.1384,1.1368,1.1345,1.1428,1.1398,1.0753,1.07595,1.0765,1.07575,1.07515,1.07515,1.07355,1.0757,1.0335,1.03225,1.03272,1.03318,1.03255,1.0334,1.03322,1.03168,1.00651,1.00656,1.00595,1.00644,1.00634,1.00615,1.00664,1.00624,0]

[1,5,10,20,50,0,49,0],[1.4555,1.4765,1.4615,1.4475,1.483,1.513,1.501,1.1435,1.142,1.1432,1.1384,1.1368,1.1345,1.1428,1.1398,1.0753,1.07595,1.0765,1.07575,1.07515,1.07515,1.07355,1.0757,1.0335,1.03225,1.03272,1.03318,1.03255,1.0334,1.03322,1.03168,1.00651,1.00656,1.00595,1.00644,1.00634,1.00615,1.00664,1.00624,0]

[0.2,0.3,0.4,0.5,0.6,0.7,0.8,0.9],[1.384,1.392,1.425,1.3835,1.3805,1.4035,1.3945,1.4205,1.4119,1.4142,1.4205,1.4178,1.4136,1.4212,1.4212,1.4299,1.43335,1.4371,1.4316,1.4291,1.43215,1.433,1.44125,1.447,1.44427,1.4405,1.44033,1.43775,1.45058,1.44805,1.44395,1.44768,1.44253,1.43935,1.44597,1.43953,1.44037,1.44283,1.44358,1.452]

[1,5,10,20,50,0,49,0],[1.384,1.392,1.425,1.3835,1.3805,1.4035,1.3945,1.4205,1.4119,1.4142,1.4205,1.4178,1.4136,1.4212,1.4212,1.4299,1.43335,1.4371,1.4316,1.4291,1.43215,1.433,1.44125,1.447,1.44427,1.4405,1.44033,1.43775,1.45058,1.44805,1.44395,1.44768,1.44253,1.43935,1.44597,1.43953,1.44037,1.44283,1.44358,1.452]
====================================
[500,1000,1500,2000,2500,3000,3500,4000,4500,5000,5500,6000,6500,7000,7500,8000,8500,9000,9500,10000],[0.421336,0.409038,0.404037,0.401879,0.400448,0.397721,0.396601,0.396564,0.396659,0.395921,0.394678,0.393779,0.393269,0.393134,0.393198,0.393364,0.393537,0.393611,0.393488,0.393127],[500,1000,1500,2000,2500,3000,3500,4000,4500,5000,5500,6000,6500,7000,7500,8000,8500,9000,9500,10000],[4125.18,2422.27,1755.95,1392.32,1160.76,999.331,879.836,787.531,713.916,653.737,603.552,561.01,524.454,492.676,464.779,440.078,418.043,398.257,380.385,364.156],[500,1000,1500,2000,2500,3000,3500,4000,4500,5000,5500,6000,6500,7000,7500,8000,8500,9000,9500,10000],[3.8922,4.2963,4.4092,4.71105,4.96752,4.8613,4.99809,5.12333,5.23211,5.36066,5.36145,5.39542,5.44192,5.48179,5.51633,5.54851,5.60288,5.71094,5.82767,5.89757]
